SRR13258790.529700	CP135021.1	207	207	1	207	5.24e-98	372	1470492
SRR13258790.726212	CP135021.1	426	425	1	425	0.0	780	1470492
SRR13258790.46259	CP135021.1	298	298	1	298	1.60e-149	544	1470492
SRR13258790.754812	CP135018.1	368	367	1	367	0.0	662	1470492
SRR13258790.181237	CP135021.1	223	221	1	221	9.37e-101	381	1470492
SRR13258790.565949	CP135021.1	452	452	1	452	0.0	809	1470492
SRR13258790.705727	CP135021.1	296	295	1	295	9.53e-147	534	1470492
SRR13258790.672625	CP135021.1	419	420	1	418	0.0	739	1470492
SRR13258790.626602	CP135021.1	226	226	1	226	5.71e-108	405	1470492
SRR13258790.51674	CP135021.1	204	204	1	204	8.62e-96	364	1470492
SRR13258790.296537	CP135018.1	279	282	4	282	3.28e-141	516	1470492
SRR13258790.232434	CP135018.1	294	294	1	294	2.64e-147	536	1470492
SRR13258790.663948	CP135021.1	470	469	1	469	0.0	839	1470492
SRR13258790.177309	CP135021.1	307	307	1	307	1.28e-150	547	1470492
SRR13258790.48869	OU899036.1	237	236	1	236	2.15e-112	420	80765
SRR13258790.655127	CP135021.1	205	205	1	205	1.44e-98	374	1470492
SRR13258790.685411	OZ432355.1	289	297	8	296	3.55e-126	466	527766
SRR13258790.685411	OZ432355.1	289	297	8	296	3.55e-126	466	527766
SRR13258790.685411	OZ432355.1	86	297	1	85	1.14e-26	135	527766
SRR13258790.685411	OZ432355.1	86	297	1	85	1.14e-26	135	527766
SRR13258790.144119	CP135021.1	221	221	1	221	3.35e-105	396	1470492
SRR13258790.140517	OU899034.1	236	235	1	235	6.24e-78	305	80765
SRR13258790.172878	CP135021.1	264	264	1	264	5.15e-129	475	1470492
